148 0 0 0 0 186 0 0 162 0
0 167 0 0 0 186 0 0 0 167
148 167 167 0 0 0 0 0 0 0
0 0 0 179 0 0 200 152 0 0
0 0 167 0 157 0 0 0 0 167
0 0 167 0 157 186 0 0 0 0
0 0 167 0 157 0 200 0 0 0
0 0 0 0 157 0 0 152 0 167
0 167 0 0 0 0 0 152 162 0
147 0 0 0 0 0 200 0 0 167
147 0 0 0 0 0 0 152 0 167
0 167 0 0 0 0 200 0 0 167
147 167 167 0 0 0 0 0 0 0
0 167 0 179 0 0 0 0 162 0
0 0 0 179 157 0 0 0 162 0
0 0 0 0 0 186 0 0 162 167
0 0 0 179 0 0 200 152 0 0
0 0 0 0 0 186 200 152 0 0
0 167 0 0 0 0 0 0 162 167
0 0 0 179 157 0 0 0 0 167
147 167 0 0 0 0 0 0 162 0
147 167 0 0 157 0 0 0 0 0
0 0 167 179 0 0 0 0 0 167
147 0 167 179 0 0 0 0 0 0
0 0 167 0 157 0 0 0 0 167
0 0 0 0 0 185 0 152 0 167
0 0 0 0 0 0 200 0 162 167
0 0 0 179 156 0 0 152 0 0
0 0 0 0 0 185 0 0 162 167
0 0 0 179 0 0 200 0 0 167
147 0 167 0 0 0 0 0 161 0
0 167 0 0 0 0 0 152 0 167
0 0 167 179 0 0 0 152 0 0
147 0 0 179 0 0 0 0 161 0
0 167 0 0 156 0 0 152 0 0
0 167 0 179 0 185 0 0 0 0
147 0 0 0 0 0 200 0 161 0
0 0 0 0 156 0 200 152 0 0
0 0 0 0 0 185 200 0 161 0
0 0 167 0 0 185 0 0 0 167
147 0 0 0 0 0 0 152 161 0
0 167 0 0 156 0 0 152 0 0
0 0 167 0 156 0 0 152 0 0
147 0 0 179 0 0 0 0 0 167
147 0 167 0 156 0 0 0 0 0
0 167 0 0 0 185 0 152 0 0
0 0 0 0 0 0 200 152 0 167
0 0 0 0 156 0 0 151 161 0
147 167 0 0 0 0 0 0 161 0
0 0 167 0 0 0 0 0 161 167
147 167 0 179 0 0 0 0 0 0
0 167 167 0 0 0 0 151 0 0
147 0 167 0 0 0 200 0 0 0
0 0 167 179 0 0 0 0 0 166
0 0 167 0 156 0 200 0 0 0
147 0 0 0 0 185 0 151 0 0
0 167 0 0 0 185 200 0 0 0
0 0 0 0 156 0 200 151 0 0
147 0 0 0 0 0 200 0 161 0
0 167 0 0 0 185 0 0 0 166
147 167 167 0 0 0 0 0 0 0
0 166 0 0 156 185 0 0 0 0
147 0 167 0 0 0 0 151 0 0
0 0 0 179 0 0 0 0 161 166
0 0 0 0 156 185 0 151 0 0
147 0 0 0 0 185 0 0 0 166
0 0 0 178 0 0 200 0 0 166
0 166 0 0 156 0 0 151 0 0
0 0 0 0 156 0 200 0 161 0
0 0 166 0 0 0 0 0 161 166
147 0 0 0 0 185 0 151 0 0
0 166 0 0 156 185 0 0 0 0
0 0 166 0 0 185 0 0 161 0
0 0 0 178 0 185 0 0 161 0
0 166 0 0 156 0 0 0 161 0
147 0 0 0 0 185 0 151 0 0
0 0 0 178 156 0 200 0 0 0
147 0 166 0 0 0 0 151 0 0
0 0 0 178 0 185 0 0 161 0
0 166 166 0 0 0 0 0 0 166
147 0 0 178 156 0 0 0 0 0
147 166 0 0 0 0 200 0 0 0
147 0 166 0 0 0 0 151 0 0
0 0 166 178 0 0 0 0 161 0
147 0 0 178 156 0 0 0 0 0
0 0 0 0 156 185 0 0 161 0
0 0 166 0 0 0 200 0 0 166
147 0 0 178 0 0 0 151 0 0
0 166 0 0 156 0 0 0 161 0
0 0 0 178 0 0 200 0 0 166
147 0 0 178 0 0 0 151 0 0
0 166 0 178 0 185 0 0 0 0
147 0 166 0 156 0 0 0 0 0
0 0 0 178 0 185 0 0 161 0
0 0 0 0 156 0 200 151 0 0
0 166 0 0 0 185 0 151 0 0
147 0 166 0 0 0 200 0 0 0
0 0 166 0 0 0 0 151 161 0
0 166 0 0 156 0 0 0 161 0
147 0 0 0 156 0 0 0 0 166
