0 0 0 0 0 0 0 0 0 171
12 2 0 0 0 4 0 34 0 0
171 7 0 0 237 5 3 7 0 27
0 0 0 13 43 0 0 0 0 0
103 11 5 19 0 0 13 0 0 5
0 0 0 0 14 0 0 0 58 407
0 43 0 0 5 9 481 0 0 0
0 0 0 0 109 0 0 1 0 0
139 123 0 0 0 0 0 0 797 0
0 0 21 0 56 2 23 18 0 0
0 170 277 0 0 0 66 0 0 0
0 0 60 0 1 86 61 2 29 1
0 0 0 0 0 27 0 0 19 2
0 0 0 168 84 0 201 0 0 0
24 0 1 4 0 15 227 83 0 0
0 1 0 0 212 0 0 0 0 0
830 0 0 0 0 0 0 0 0 0
182 0 2 0 4 0 0 355 0 0
0 391 0 67 28 40 0 0 0 0
4 0 30 354 97 39 0 0 0 0
0 0 9 4 0 0 0 8 16 0
0 0 0 39 235 0 1 2 0 0
0 138 0 0 0 7 0 20 45 508
0 7 37 0 0 15 9 0 0 2
15 0 2 2 0 0 0 1065 0 0
0 0 3 51 0 82 5 12 331 0
0 0 0 0 0 0 0 14 0 58
0 0 0 0 3 23 1 0 5 237
225 0 0 1 36 159 1 10 519 0
0 845 0 0 0 0 0 0 0 0
1 0 56 191 0 0 0 6 2 1
3 154 0 1 41 1 11 0 0 0
0 0 0 0 1 0 191 57 8 0
305 46 1 0 7 0 0 128 59 0
0 14 127 0 276 13 0 0 933 0
240 2 0 3 0 17 0 0 0 1
28 0 1 0 136 6 1 3 804 0
0 0 36 27 33 34 4 0 0 5
18 0 0 0 0 221 0 0 0 0
0 428 0 0 0 0 0 855 0 0
0 0 0 0 0 119 0 71 147 0
502 0 0 0 0 0 0 0 0 0
32 0 3 38 0 6 0 68 0 0
27 3 9 23 27 0 0 0 1 282
2 0 0 43 180 0 76 165 202 0
0 3 0 8 84 0 26 0 1 0
1 137 10 0 22 145 0 215 0 0
689 0 0 0 0 0 0 0 0 0
7 0 1 11 0 0 70 2 187 31
71 262 1 361 0 0 0 0 0 0
0 0 0 16 0 0 0 2 0 100
252 27 0 40 0 63 26 0 9 345
8 297 773 0 0 0 0 0 0 0
0 19 40 0 0 0 71 0 132 0
1 1 41 56 214 8 0 2 0 0
1 0 1 0 0 2013 0 0 0 0
0 0 12 864 0 0 0 0 0 0
278 196 1 180 0 0 0 0 0 0
2 785 0 0 0 0 0 0 0 0
0 0 119 0 0 0 4 0 8 0
1 0 0 0 1 3 0 3 5 2
0 19 1 0 0 0 306 126 259 0
0 0 0 0 2 353 0 0 4 0
0 0 302 1 3 133 143 0 0 0
0 0 0 0 0 19 62 218 0 0
105 1 0 0 0 0 0 4 246 0
132 94 1 0 64 7 0 1 46 7
29 0 20 0 494 0 0 0 0 0
0 1 992 0 0 0 0 0 0 0
0 108 0 0 133 343 0 0 0 0
0 0 1 0 11 0 78 0 0 0
0 148 0 0 6 2 0 0 3 0
0 0 7 0 0 0 0 199 0 0
0 12 0 8 2 26 0 0 13 56
0 0 1 266 0 0 0 42 0 0
0 0 0 2 21 0 2418 0 0 0
75 0 0 0 203 0 0 0 7 2563
0 0 18 0 0 675 0 0 0 0
122 1 0 0 123 0 0 0 31 0
227 2 0 36 1 8 0 0 0 0
0 64 1 211 0 4 1 38 0 0
0 0 0 1152 0 0 0 0 0 0
0 1 84 1 0 0 4 0 1 20
2 0 0 0 1 85 0 279 0 5
0 0 0 17 21 0 233 0 0 0
0 58 132 0 0 0 0 21 27 0
1 0 137 0 291 0 0 0 8 0
0 2 2 1 2 4 25 24 3 30
0 0 0 59 0 0 0 75 2 74
45 15 336 6 54 10 0 0 0 57
0 0 800 0 0 0 0 0 0 0
0 0 452 3 0 2 0 742 0 0
26 0 6 366 0 2 0 0 0 0
0 256 0 0 171 68 0 21 0 0
0 0 0 0 1 4 118 0 2 0
0 0 12 0 0 0 0 0 20 0
0 97 15 0 1209 0 0 0 0 0
0 0 0 0 0 0 37 0 2 1
0 8 0 0 0 92 2 1 7 0
62 1 1 287 1 1 1 1 2 2
