15 19 85 25 3 55 44 73 57 125
111 92 0 31 27 43 0 57 90 150
71 37 81 108 67 25 16 35 170 0
10 25 48 11 78 21 16 25 70 30
20 11 33 15 11 13 12 40 154 169
44 192 42 4 10 11 14 3 73 33
95 69 17 21 6 11 70 100 120 0
12 22 6 17 53 14 52 21 162 266
6 131 8 11 16 101 319 0 0 0
26 46 24 41 28 118 66 26 120 240
132 16 23 16 38 26 74 162 98 0
17 34 5 10 9 24 2 49 23 61
6 29 12 86 17 52 24 163 182 0
3 19 40 10 13 4 89 42 16 138
23 55 115 178 67 6 41 20 0 0
3 81 7 26 12 173 29 4 24 54
47 22 178 35 9 99 3 50 30 206
60 30 138 62 4 44 14 64 255 0
34 170 27 112 8 31 46 121 0 0
73 15 278 86 145 0 0 0 0 0
38 66 7 27 17 54 27 75 28 79
65 98 18 93 0 15 71 60 171 0
15 69 121 61 106 9 73 8 99 0
74 13 12 114 62 17 12 30 12 106
37 29 35 39 97 61 152 16 9 65
67 49 8 91 2 47 22 15 15 131
32 46 41 7 4 24 16 14 21 263
38 156 5 9 26 60 19 90 73 92
2 23 28 7 42 34 148 16 12 92
37 39 95 16 5 7 172 56 168 0
8 26 80 39 26 21 96 34 89 2
8 50 15 23 81 48 29 47 53 49
31 32 50 4 46 28 9 13 21 151
47 160 8 76 43 18 146 11 0 0
22 64 135 94 121 27 14 30 0 0
10 35 195 32 62 82 26 33 131 0
73 35 89 15 81 16 5 105 28 32
179 15 26 18 4 103 53 86 144 0
72 12 29 18 32 9 4 14 40 100
4 25 34 103 25 5 5 52 50 66
100 17 2 16 30 2 71 13 103 295
3 18 23 133 27 25 33 7 6 138
31 12 141 3 26 91 101 14 101 0
144 29 1 8 84 5 7 26 45 6
16 14 122 52 131 57 69 57 0 0
8 29 26 23 3 6 64 4 47 20
78 69 20 130 75 1 29 101 0 0
143 11 51 50 16 57 24 20 30 27
21 203 80 29 32 30 3 148 0 0
14 15 6 9 139 42 39 55 6 188
11 5 120 6 16 35 42 32 45 35
179 56 90 160 4 4 7 0 0 0
47 6 78 36 56 1 140 8 34 72
106 32 15 157 60 140 0 0 0 0
20 42 17 141 33 28 57 46 32 152
4 125 4 139 9 221 0 0 0 0
32 95 6 76 164 51 11 42 210 0
13 33 22 1 18 11 52 183 79 95
40 110 31 90 49 186 0 0 0 0
41 86 162 4 91 18 5 102 0 0
19 11 23 87 4 246 75 8 232 0
20 58 46 87 15 81 85 66 33 17
2 65 4 112 83 75 94 22 20 171
29 55 24 14 96 27 116 19 14 24
21 27 7 87 51 71 77 16 45 140
53 2 111 22 28 109 167 96 0 0
106 24 34 19 45 50 51 211 0 0
37 2 73 2 249 140 0 0 0 0
5 15 7 4 19 7 7 27 30 293
146 95 65 22 7 9 101 27 3 19
90 33 219 71 70 57 0 0 0 0
25 11 15 59 98 113 110 33 82 0
21 140 41 33 1 6 4 185 106 0
151 10 5 152 20 64 45 63 0 0
25 64 113 17 32 22 58 18 59 52
55 15 1 57 92 21 145 33 41 39
229 7 1 41 14 5 56 204 0 0
2 28 17 22 53 7 2 44 26 99
21 19 1 2 51 50 108 26 4 104
14 42 6 26 68 20 169 168 0 0
138 0 30 11 86 271 0 0 0 0
44 26 162 13 46 5 161 8 55 0
3 21 78 113 163 66 17 27 8 76
76 12 35 105 32 61 44 71 67 0
62 74 26 37 33 119 10 205 0 0
59 13 18 126 132 17 23 60 105 0
169 23 29 38 167 31 12 52 0 0
113 4 4 28 11 64 114 76 118 0
76 82 44 26 62 30 103 53 37 0
13 101 175 70 90 68 0 0 0 0
8 199 83 27 86 101 0 0 0 0
14 155 23 18 35 7 8 36 73 30
12 34 30 2 49 57 14 15 38 56
46 18 39 85 84 14 7 30 7 49
59 61 73 11 12 13 13 74 39 12
40 67 5 55 81 3 71 131 0 42
4 104 32 3 17 38 96 8 51 44
24 12 8 84 90 141 30 5 41 5
186 26 50 1 16 122 13 73 119 0
65 81 28 157 46 25 10 92 1 0
